177042
124853
85384
868602
648753
92669
636812
601793
616981
801728
678235
94289
475783
525066
727501
522297
469760
81398
458228
509094
425534
80894
73582
459340
433766
80603
625825
517989
80712
614135
70721
617079
442936
500080
413307
74422
387510
432335
426080
79297
647882
103009
569849
451169
515672
415032
458114
513443
80668
76498
432908
501446
89780
548187
437639
430017
67187
533853
449810
453386
451083
66980
72397
466793
627573
65825
59269
558306
631626
444674
435276
495114
472707
472623
609255
66658
433756
373579
566328
636856
411592
404113
74003
418638
505460
68291
398522
441250
416252
391150
438417
625458
589363
527028
454330
541765
612330
477658
419516
637260
601183
423679
388489
623814
446211
437317
470367
612630
466419
64880
426016
405745
375175
433312
664111
409675
72117
612485
613395
410795
83710
400281
490810
435973
578272
466884
609277
632781
386690
389871
487407
67922
387335
607335
461743
400621
75220
439798
404925
68365
590339
446082
66272
66257
477449
428913
67927
509913
